Data from "Aerodynamic Characteristics of Seven Symmetrical Airfoil Sections Through 180-Degree Angle of Attack for Use in Aerodynamic Analysis of Vertical Axis Wind Turbines"
Data Set: Lift and Drag Coefficients for the NACA-0012 Airfoil
Reynolds number: 360,000 (https://www.grc.nasa.gov/www/k-12/airplane/reynolds.html)
Source: https://www.osti.gov/servlets/purl/6548367 (page 19-20)

Sheldahl, R E, & Klimas, P C.
'Aerodynamic characteristics of seven symmetrical airfoil sections through 180-degree angle
of attack for use in aerodynamic analysis of vertical axis wind turbines.'
United States. https://doi.org/10.2172/6548367

Reynolds number: 360,000
# Full Data Set:
[Angle, Lift Coefficient, Drag Coefficient]
0.0000, 0.0000, 0.0079;
1.0000, 0.1100, 0.0080;
2.0000, 0.2200, 0.0084;
3.0000, 0.3300, 0.0089;
4.0000, 0.4400, 0.0098;
5.0000, 0.5500, 0.0113;
6.0000, 0.6600, 0.0125;
7.0000, 0.7700, 0.0135;
8.0000, 0.8542, 0.0153;
9.0000, 0.9352, 0.0167;
10.0000, 0.9811, 0.0184;
11.0000, 0.9132, 0.0204;
12.0000, 0.4832, 0.0217;
13.0000, 0.2759, 0.0222;
14.0000, 0.2893, 0.1060;
15.0000, 0.3305, 0.1900;
15.0000, 0.3792, 0.2100;
17.0000, 0.4455, 0.2310;
18.0000, 0.5047, 0.2520;
19.0000, 0.5591, 0.2740;
20.0000, 0.6120, 0.2970;
21.0000, 0.6643, 0.3200;
22.0000, 0.7179, 0.3440;
23.0000, 0.7715, 0.3690;
24.0000, 0.8246, 0.3940;
25.0000, 0.8780, 0.4200;
26.0000, 0.9313, 0.4460;
27.0000, 0.9846, 0.4730;
30.0000, 0.9150, 0.5700;
35.0000, 1.0200, 0.7450;
40.0000, 1.0750, 0.9200;
45.0000, 1.0850, 1.0750;
50.0000, 1.0400, 1.2150;
55.0000, 0.9650, 1.3450;
60.0000, 0.8750, 1.4700;
65.0000, 0.7650, 1.5750;
70.0000, 0.6500, 1.6650;
75.0000, 0.5150, 1.7350;
80.0000, 0.3100, 1.7800;
85.0000, 0.2200, 1.8000;
90.0000, 0.0700, 1.8000;
95.0000, -0.0700, 1.7800;
100.0000, -0.2200, 1.7500;
105.0000, -0.3700, 1.7000;
110.0000, -0.5100, 1.6350;
115.0000, -0.6250, 1.5550;
120.0000, -0.7350, 1.4650;
125.0000, -0.8400, 1.3500;
130.0000, -0.9100, 1.2250;
135.0000, -0.9450, 1.0850;
140.0000, -0.9450, 0.9250;
145.0000, -0.9100, 0.7550;
150.0000, -0.8500, 0.5750;
155.0000, -0.7400, 0.4200;
160.0000, -0.6600, 0.3200;
165.0000, -0.6750, 0.2300;
170.0000, -0.8500, 0.1400;
175.0000, -0.6900, 0.0550;
180.0000, 0.0000, 0.0250;

# Reduced Data Set (every 2nd row):
[Angle, Lift Coefficient, Drag Coefficient]
0.0000, 0.0000, 0.0079;
2.0000, 0.2200, 0.0084;
4.0000, 0.4400, 0.0098;
6.0000, 0.6600, 0.0125;
8.0000, 0.8542, 0.0153;
10.0000, 0.9811, 0.0184;
12.0000, 0.4832, 0.0217;
14.0000, 0.2893, 0.1060;
15.0000, 0.3792, 0.2100;
18.0000, 0.5047, 0.2520;
20.0000, 0.6120, 0.2970;
22.0000, 0.7179, 0.3440;
24.0000, 0.8246, 0.3940;
26.0000, 0.9313, 0.4460;
30.0000, 0.9150, 0.5700;
40.0000, 1.0750, 0.9200;
50.0000, 1.0400, 1.2150;
60.0000, 0.8750, 1.4700;
70.0000, 0.6500, 1.6650;
80.0000, 0.3100, 1.7800;
90.0000, 0.0700, 1.8000;
100.0000, -0.2200, 1.7500;
110.0000, -0.5100, 1.6350;
120.0000, -0.7350, 1.4650;
130.0000, -0.9100, 1.2250;
140.0000, -0.9450, 0.9250;
150.0000, -0.8500, 0.5750;
160.0000, -0.6600, 0.3200;
170.0000, -0.8500, 0.1400;
180.0000, 0.0000, 0.0250;

Reynolds number: 160,000
# Full Data Set:
0.0000, 0.0000, 0.0103;
1.0000, 0.1100, 0.0104;
2.0000, 0.2200, 0.0108;
3.0000, 0.3300, 0.0114;
4.0000, 0.4400, 0.0124;
5.0000, 0.5500, 0.0140;
6.0000, 0.6600, 0.0152;
7.0000, 0.7460, 0.0170;
8.0000, 0.8274, 0.0185;
9.0000, 0.8527, 0.0203;
10.0000, 0.1325, 0.0188;
11.0000, 0·1095, 0.0760;
12.0000, 0.1533, 0.1340;
13.0000, 0.2030, 0.1520;
14.0000, 0.2546, 0.1710;
15.0000, 0.3082, 0.1900;
16.0000, 0.3620, 0.2100;
17.0000, 0.4200, 0.2310;
18.0000, 0.4768, 0.2520;
19.0000, 0.5322, 0.2740;
20.0000, 0.5870, 0.2970;
21.0000, 0.6414, 0.3200;
22.0000, 0.6956, 0.3440;
23.0000, 0.7497, 0.3690;
24.0000, 0.8034, 0.3940;
25.0000, 0.8572, 0.4200;
26.0000, 0.9109, 0.4460;
27.0000, 0.9646, 0.4730;
30.0000, 0.9150, 0.5700;
35.0000, 1.0200, 0.7450;
40.0000, 1.0750, 0.9200;
45.0000, 1.0850, 1.0750;
50.0000, 1.0400, 1.2150;
55.0000, 0.9650, 1.3450;
60.0000, 0.8750, 1.4700;
65.0000, 0.7650, 1.5750;
70.0000, 0.6500, 1.6650;
75.0000, 0.5150, 1.7350;
80.0000, 0.3700, 1.7800;
85.0000, 0.2200, 1.8000;
90.0000, 0.0700, 1.8000;
95.0000, -0.0700, 1.7800;
100.0000, -0.2200, 1.7500;
105.0000, -0.3700, 1.7000;
110.0000, -0.5100, 1.6350;
115.0000, -0.6250, 1.5550;
120·0000, -0.7350, 1.4650;
125.0000, -0.8400, 1.3500;
130.0000, -0.9100, 1.2250;
135.0000, -0.9450, 1.0850;
140.0000, -0.9450, 0.9250;
145.0000, -0.9100, 0.7550;
150.0000, -0.8500, 0.5750;
155.0000, -0.7400, 0.4200;
160.0000, -0.6600, 0.3200;
165.0000, -0.6750, 0.2300;
170.0000, -0.8500, 0.1400;
175.0000, -0.6900, 0.0550;
180.0000, 0.0000, 0.0250;

# Reduced Data Set (every 2nd row):
0.0000, 0.0000, 0.0103;
2.0000, 0.2200, 0.0108;
4.0000, 0.4400, 0.0124;
6.0000, 0.6600, 0.0152;
8.0000, 0.8274, 0.0185;
10.0000, 0.1325, 0.0188;
12.0000, 0.1533, 0.1340;
14.0000, 0.2546, 0.1710;
16.0000, 0.3620, 0.2100;
18.0000, 0.4768, 0.2520;
20.0000, 0.5870, 0.2970;
22.0000, 0.6956, 0.3440;
24.0000, 0.8034, 0.3940;
26.0000, 0.9109, 0.4460;
30.0000, 0.9150, 0.5700;
40.0000, 1.0750, 0.9200;
50.0000, 1.0400, 1.2150;
60.0000, 0.8750, 1.4700;
70.0000, 0.6500, 1.6650;
80.0000, 0.3700, 1.7800;
90.0000, 0.0700, 1.8000;
100.0000, -0.2200, 1.7500;
110.0000, -0.5100, 1.6350;
120.0000, -0.7350, 1.4650;
130.0000, -0.9100, 1.2250;
140.0000, -0.9450, 0.9250;
150.0000, -0.8500, 0.5750;
160.0000, -0.6600, 0.3200;
170.0000, -0.8500, 0.1400;
180.0000, 0.0000, 0.0250;

Reynolds number: 80,000
# Full Data Set:
0.0000, 0.0000, 0.0133;
1.0000, 0.1100, 0.0134;
2.0000, 0.2200, 0.0138;
3.0000, 0.3300, 0.0145;
4.0000, 0.4400, 0.0155;
5.0000, 0.5500, 0.0170;
6.0000, 0.6384, 0.0189;
7.0000, 0.7227, 0.0204;
8.0000, 0.6930, 0.0222;
9.0000, -0.0010, 0.0600;
10.0000, 0.0413, 0.0600;
11.0000, 0.0911, 0.1170;
12.0000, 0.1430, 0.1340;
13.0000, 0.1966, 0.1520;
14.0000, 0.2504, 0.1710;
15.0000, 0.3043, 0.1900;
16.0000, 0.3582, 0.2100;
17.0000, 0.4139, 0.2310;
18.0000, 0.4689, 0.2520;
19.0000, 0.5232, 0.2740;
20.0000, 0.5770, 0.2970;
21.0000, 0.6305, 0.3200;
22.0000, 0.6839, 0.3440;
23.0000, 0.7373, 0.3690;
24.0000, 0.7902, 0.3940;
25.0000, 0.8432, 0.4200;
26.0000, 0.8963, 0.4460;
27.0000. 0.9496, 0.4730;
30.0000, 0.9150, 0.5700;
35.0000, 1.0200, 0.7450;
40.0000, 1.0750, 0.9200;
45.0000, 1.0850, 1.0750;
50.0000, 1.0400, 1.2150;
55.0000, 0.9650, 1.3450;
60.0000, 0.8750, 1.4700;
65.0000, 0.7650, 1.5750;
70.0000, 0.6500, 1.6650;
75.0000, 0.5150, 1.7350;
80.0000, 0.3700, 1.7800;
85.0000, 0.2200, 1.8000;
90.0000, 0.0700, 1.8000;
95.0000, -0.0700, 1.7800;
100.0000, -0.2200, 1.7500;
105.0000, -0.3700, 1.7000;
110.0000, -0.5100, 1.6350;
115.0000, -0.6250, 1.5550;
120.0000, -0.7350, 1.4650;
125.0000, -0.8400, 1.3500;
130.0000, -0.9100, 1.2250;
135.0000, -0.9450, 1.0850;
140.0000, -0.9450, 0.9250;
145.0000, -0.9100, 0.7550;
150.0000, -0.8500, 0.5750;
155.0000, -0.7400, 0.4200;
160.0000, -0.6600, 0.3200;
165.0000, -0.6750, 0.2300;
170.0000, -0.8500, 0.1400;
175.0000, -0.6900, 0.0550;
180.0000, -0.0000, 0.0250;

# Reduced Data Set (every 2nd row):
0.0000, 0.0000, 0.0133;
2.0000, 0.2200, 0.0138;
4.0000, 0.4400, 0.0155;
6.0000, 0.6384, 0.0189;
8.0000, 0.6930, 0.0222;
10.0000, 0.0413, 0.0600;
12.0000, 0.1430, 0.1340;
14.0000, 0.2504, 0.1710;
16.0000, 0.3582, 0.2100;
18.0000, 0.4689, 0.2520;
20.0000, 0.5770, 0.2970;
22.0000, 0.6839, 0.3440;
24.0000, 0.7902, 0.3940;
26.0000, 0.8963, 0.4460;
30.0000, 0.9150, 0.5700;
40.0000, 1.0750, 0.9200;
50.0000, 1.0400, 1.2150;
60.0000, 0.8750, 1.4700;
70.0000, 0.6500, 1.6650;
80.0000, 0.3700, 1.7800;
90.0000, 0.0700, 1.8000;
100.0000, -0.2200, 1.7500;
110.0000, -0.5100, 1.6350;
120.0000, -0.7350, 1.4650;
130.0000, -0.9100, 1.2250;
140.0000, -0.9450, 0.9250;
150.0000, -0.8500, 0.5750;
160.0000, -0.6600, 0.3200;
170.0000, -0.8500, 0.1400;
180.0000, -0.0000, 0.0250;

Reynolds number: 40,000
# Full Data Set:
0.0000, 0.0000, 0.0175;
1.0000, 0.1100, 0.0177;
2.0000, 0.2200, 0.0181;
3.0000, 0.3376, 0.0189;
4.0000, 0.4464, 0.0199;
5.0000, 0.5276, 0.0218;
6.0000, 0.6115, 0.0232;
7.0000, -0.0212, 0.0580;
8.0000, -0.0615, 0.0720;
9.0000, -0.0160, 0.0860;
10.0000, 0.0344, 0.1010;
11.0000, 0.0869, 0.1170;
12.0000, 0.1406, 0.1340;
13.0000, 0.1945, 0.1520;
14.0000, 0.2484, 0.1710;
15.0000, 0.3024, 0.1900;
16.0000, 0.3563, 0.2100;
17.0000, 0.4107, 0.2310;
18.0000, 0.4644, 0.2520;
19.0000, 0.5178, 0.2740;
20.0000, 0.5708, 0.2970;
21.0000, 0.6232, 0.3200;
22.0000, 0.6755, 0.3440;
23.0000, 0.7283, 0.3690;
24.0000, 0.7809, 0.3940;
25.0000, 0.8340, 0.4200;
26.0000, 0.8873, 0.4460;
27.0000, 0.9407, 0.4730;
30.0000, 0.9150, 0.5700;
35.0000, 1.0200, 0.7450;
40.0000, 1.0750, 0.9200;
45.0000, 1.0850, 1.0750;
50.0000, 1.0400, 1.2150;
55.0000, 0.9650, 1.3450;
60.0000, 0.8750, 1.4700;
65.0000, 0.7650, 1.5750;
70.0000, 0.6500, 1.6650;
75.0000, 0.5150, 1.7350;
80.0000, 0.3700, 1.7800;
85.0000, 0.2200, 1.8000;
90.0000, 0.0700, 1.8000;
95.0000, -0.0700, 1.7800;
100.0000, -0.2200, 1.7500;
105.0000, -0.3700, 1.7000;
110.0000, -0.5100, 1.6350;
115.0000, -0.6250, 1.5550;
120.0000, -0.7350, 1.4650;
125.0000, -0.8400, 1.3500;
130.0000, -0.9100, 1.2250;
135.0000, -0.9450, 1.0850;
140.0000, -0.9450, 0.9250;
145.0000, -0.9100, 0.7550;
150.0000, -0.8500, 0.5750;
155.0000, -0.7400, 0.4200;
160.0000, -0.6600, 0.3200;
165.0000, -0.6750, 0.2300;
170.0000, -0.8500, 0.1400;
175.0000, -0.6900, 0.0550;
180.0000, 0.0000, 0.0250;

# Reduced Data Set (every 2nd row):
0.0000, 0.0000, 0.0175;
2.0000, 0.2200, 0.0181;
4.0000, 0.4464, 0.0199;
6.0000, 0.6115, 0.0232;
8.0000, -0.0615, 0.0720;
10.0000, 0.0344, 0.1010;
12.0000, 0.1406, 0.1340;
14.0000, 0.2484, 0.1710;
16.0000, 0.3563, 0.2100;
18.0000, 0.4644, 0.2520;
20.0000, 0.5708, 0.2970;
22.0000, 0.6755, 0.3440;
24.0000, 0.7809, 0.3940;
26.0000, 0.8873, 0.4460;
30.0000, 0.9150, 0.5700;
40.0000, 1.0750, 0.9200;
50.0000, 1.0400, 1.2150;
60.0000, 0.8750, 1.4700;
70.0000, 0.6500, 1.6650;
80.0000, 0.3700, 1.7800;
90.0000, 0.0700, 1.8000;
100.0000, -0.2200, 1.7500;
110.0000, -0.5100, 1.6350;
120.0000, -0.7350, 1.4650;
130.0000, -0.9100, 1.2250;
140.0000, -0.9450, 0.9250;
150.0000, -0.8500, 0.5750;
160.0000, -0.6600, 0.3200;
170.0000, -0.8500, 0.1400;
180.0000, 0.0000, 0.0250;